u
mean: -1.326038395784479
std: 4.276088536875098
v
mean: -0.4737673299226989
std: 3.9665464021148296
